  4.844158	 -0.991331	
  0.759692	  0.688698	
  4.141027	 -0.841165	
 -5.272777	  0.847049	
 -1.992318	 -0.912468	
 -4.359657	  0.938433	
 -3.912638	  0.696885	
 -3.310360	  0.167968	
 -4.825200	  0.993644	
  3.698610	 -0.528657	
 -4.014577	  0.766250	
 -2.463854	 -0.627033	
 -3.728026	  0.553394	
  2.573479	  0.538043	
  0.027375	  0.027372	
 -3.915332	  0.698815	
 -3.923322	  0.704508	
 -3.223234	  0.081550	
 -2.946026	 -0.194323	
  6.135986	 -0.146668	
  3.837685	 -0.641224	
  3.755235	 -0.575849	
  4.022388	 -0.771245	
 -1.390188	 -0.983735	
 -2.605901	 -0.510436	
  0.936610	  0.805554	
  2.012430	  0.904055	
  0.373746	  0.365105	
 -3.124694	 -0.016898	
  5.350104	 -0.803458	
 -5.008411	  0.956504	
 -0.618905	 -0.580144	
 -4.299339	  0.915901	
 -5.927264	  0.348454	
 -1.913294	 -0.941919	
 -4.757593	  0.998978	
 -4.168947	  0.855934	
 -0.015356	 -0.015356	
 -1.741144	 -0.985526	
  1.063500	  0.874061	
 -0.612473	 -0.574892	
 -5.021366	  0.952645	
  6.057474	 -0.223800	
 -1.123407	 -0.901580	
  6.062119	 -0.219270	
 -5.872829	  0.398936	
  6.040030	 -0.240766	
  1.893768	  0.948297	
  4.100490	 -0.818559	
  2.812051	  0.323610	
  3.155452	 -0.013859	
  6.274856	 -0.008329	
 -1.082837	 -0.883291	
  0.087841	  0.087728	
 -3.610745	  0.452130	
  4.135224	 -0.838013	
  3.622718	 -0.462777	
 -0.414234	 -0.402489	
 -0.539255	 -0.513497	
 -5.687059	  0.561441	
 -5.681987	  0.565631	
  4.577299	 -0.990889	
 -1.873313	 -0.954590	
 -1.832712	 -0.965896	
 -1.369685	 -0.979845	
 -5.762882	  0.497143	
 -0.771730	 -0.697376	
 -2.743043	 -0.388082	
  3.769674	 -0.587594	
 -2.691001	 -0.435498	
  5.358346	 -0.798524	
 -6.245645	  0.037531	
  4.612002	 -0.994965	
  1.865312	  0.956943	
 -3.677935	  0.510995	
 -2.995603	 -0.145472	
  1.023688	  0.854033	
 -5.186557	  0.889673	
 -3.731408	  0.556208	
  0.611035	  0.573715	
 -1.349327	 -0.975576	
  1.012637	  0.848232	
 -3.677538	  0.510654	
  0.517175	  0.494426	
 -2.719475	 -0.409693	
  5.506001	 -0.701275	
  1.850292	  0.961195	
 -4.068339	  0.799671	
  0.768616	  0.695141	
 -5.322912	  0.819348	
  1.332940	  0.971845	
  1.186734	  0.927150	
 -3.950752	  0.723707	
 -1.042093	 -0.863462	
  3.974581	 -0.739945	
 -2.017301	 -0.901962	
  0.550594	  0.523193	
  5.844341	 -0.424894	
  5.804867	 -0.460287	
 -3.943039	  0.718363	
 -4.161422	  0.852019	
 -1.731652	 -0.987091	
  5.565379	 -0.657734	
 -6.028677	  0.251770	
  2.024020	  0.899040	
  2.977642	  0.163217	
 -4.910646	  0.980411	
 -3.882243	  0.674768	
  5.723720	 -0.530734	
 -1.707122	 -0.990722	
 -5.883655	  0.388986	
  3.873787	 -0.668503	
 -2.180096	 -0.820049	
 -0.544839	 -0.518280	
  2.814779	  0.321027	
  5.176298	 -0.894310	
  2.199256	  0.808934	
  1.320092	  0.968738	
  0.207850	  0.206357	
 -3.640451	  0.478423	
  6.251944	 -0.031237	
 -2.899703	 -0.239537	
 -3.674636	  0.508157	
  5.851119	 -0.418748	
  4.046248	 -0.786212	
  0.416486	  0.404549	
  3.094613	  0.046962	
  2.148386	  0.837781	
 -1.733775	 -0.986748	
 -1.296061	 -0.962497	
  0.990571	  0.836339	
 -1.125195	 -0.902351	
  6.171993	 -0.110964	
 -1.282025	 -0.958595	
 -2.523952	 -0.579113	
  5.345607	 -0.806128	
  5.068962	 -0.937098	
  5.283993	 -0.841035	
  4.759997	 -0.998867	
 -4.545290	  0.986071	
 -2.087655	 -0.869376	
 -0.509243	 -0.487516	
  0.642984	  0.599586	
 -5.354494	  0.800837	
  1.615435	  0.999004	
  4.178389	 -0.860778	
  4.621170	 -0.995842	
  0.282100	  0.278374	
 -0.925394	 -0.798858	
 -1.754210	 -0.983227	
 -1.347514	 -0.975176	
  4.057876	 -0.793345	
 -0.645979	 -0.601980	
 -2.710030	 -0.418290	
 -1.512278	 -0.998288	
  5.484082	 -0.716731	
 -0.192204	 -0.191023	
  1.471389	  0.995063	
 -0.444858	 -0.430330	
  0.136589	  0.136165	
  0.139222	  0.138772	
 -1.995870	 -0.911008	
  1.002127	  0.842618	
 -5.743022	  0.514276	
 -0.834348	 -0.740859	
 -5.902686	  0.371384	
  0.194427	  0.193204	
  4.525655	 -0.982616	
 -4.739712	  0.999627	
  2.005521	  0.906986	
  1.441144	  0.991607	
 -2.327352	 -0.727204	
  0.202445	  0.201065	
 -1.912280	 -0.942259	
 -0.471524	 -0.454244	
 -0.380769	 -0.371635	
 -2.878524	 -0.260045	
  3.349905	 -0.206809	
  3.925341	 -0.705939	
  0.221755	  0.219942	
 -4.136864	  0.838907	
 -6.240748	  0.042424	
  5.904865	 -0.369360	
 -5.103870	  0.924345	
 -3.107486	 -0.034100	
 -0.259726	 -0.256816	
  4.148428	 -0.845144	
  2.582550	  0.530374	
  1.787368	  0.976640	
  4.305728	 -0.918447	
  4.162581	 -0.852625	
 -0.387827	 -0.378178	
 -0.727977	 -0.665361	
 -4.892032	  0.983908	
  1.776002	  0.979019	
  4.951463	 -0.971558	
  0.141637	  0.141164	
 -2.426756	 -0.655494	
 -0.958409	 -0.818278	
 -2.273326	 -0.763210	
