  1.938410	  0.933188	
 -3.851989	  0.652135	
 -5.094406	  0.927915	
 -1.034950	 -0.859837	
 -4.895264	  0.983325	
 -3.317240	  0.174745	
 -4.540806	  0.985316	
 -1.929665	 -0.936295	
  4.879731	 -0.986031	
  3.644806	 -0.482243	
 -5.347363	  0.805087	
 -1.007857	 -0.845690	
  5.955883	 -0.321489	
  3.770277	 -0.588081	
 -5.720054	  0.533837	
  5.779982	 -0.482235	
  3.339496	 -0.196614	
  6.145478	 -0.137273	
  0.786103	  0.707605	
 -0.051672	 -0.051649	
 -3.103375	 -0.038209	
 -3.820664	  0.628071	
  2.650050	  0.471986	
  6.127597	 -0.154961	
 -2.078231	 -0.873994	
 -1.944264	 -0.931068	
  1.653748	  0.996562	
 -0.923283	 -0.797586	
  4.910611	 -0.980418	
  3.731327	 -0.556140	
 -0.916135	 -0.793254	
  1.116644	  0.898633	
 -5.130856	  0.913713	
 -3.134268	 -0.007325	
  1.178366	  0.923982	
  5.203156	 -0.881971	
  2.051997	  0.886440	
 -0.004366	 -0.004366	
 -5.197947	  0.884414	
  3.161244	 -0.019650	
 -2.214738	 -0.799735	
 -5.447639	  0.741663	
  5.318803	 -0.821697	
 -5.600070	  0.631212	
  0.924060	  0.798055	
 -3.285442	  0.143353	
 -4.683470	  0.999582	
 -0.296388	 -0.292068	
  2.898353	  0.240848	
  1.108465	  0.895015	
  0.039728	  0.039717	
  0.397018	  0.386670	
  1.335645	  0.972479	
  3.321506	 -0.178945	
  1.264478	  0.953450	
  1.841283	  0.963641	
 -3.120354	 -0.021237	
 -1.803473	 -0.973053	
 -2.471230	 -0.621270	
  5.878041	 -0.394151	
 -3.866778	  0.663274	
  2.435236	  0.649066	
 -5.076506	  0.934439	
  1.345292	  0.974682	
  2.635306	  0.484933	
  1.289831	  0.960788	
  4.554724	 -0.987597	
  2.211143	  0.801888	
  3.581397	 -0.425762	
  0.460535	  0.444427	
 -6.227297	  0.055859	
 -3.787364	  0.601815	
 -0.770008	 -0.696141	
  0.732509	  0.668738	
 -1.443505	 -0.991909	
  1.845480	  0.962511	
 -4.088661	  0.811707	
 -1.474350	 -0.995353	
  4.935278	 -0.975263	
 -0.709627	 -0.651551	
  3.160776	 -0.019183	
  5.144712	 -0.907995	
 -1.591935	 -0.999777	
 -4.821834	  0.994017	
  0.315680	  0.310463	
 -1.996480	 -0.910756	
 -3.942931	  0.718288	
 -3.660018	  0.495513	
  0.382406	  0.373154	
 -5.224026	  0.871944	
  1.690838	  0.992804	
 -4.887365	  0.984731	
 -0.117047	 -0.116780	
 -2.343531	 -0.716004	
  3.294153	 -0.151969	
  5.711747	 -0.540843	
  1.833230	  0.965762	
 -0.184480	 -0.183435	
 -0.714596	 -0.655312	
  4.538112	 -0.984852	
  2.720065	  0.409155	
  1.512145	  0.998281	
  0.949883	  0.813347	
  0.571133	  0.540586	
  1.620784	  0.998751	
 -4.265944	  0.901988	
  3.196619	 -0.054999	
 -2.621731	 -0.496760	
  0.095609	  0.095463	
 -3.292484	  0.150320	
 -3.861839	  0.659570	
 -5.445344	  0.743200	
 -5.026056	  0.951209	
  1.836267	  0.964969	
 -4.016921	  0.767754	
 -4.818575	  0.994368	
 -1.692262	 -0.992632	
  2.309298	  0.739478	
  6.106738	 -0.175533	
  5.265190	 -0.851057	
 -1.527349	 -0.999056	
 -0.317071	 -0.311784	
 -4.947861	  0.972404	
  4.822774	 -0.993914	
 -0.689853	 -0.636424	
  2.114020	  0.856047	
 -2.693686	 -0.433080	
 -5.359124	  0.798056	
  3.468687	 -0.321293	
 -6.190565	  0.092488	
  2.483036	  0.611976	
  4.837953	 -0.992127	
 -1.614044	 -0.999065	
 -5.239905	  0.864060	
  6.248233	 -0.034946	
  4.647419	 -0.997890	
 -0.602469	 -0.566678	
 -5.946911	  0.329972	
 -0.938879	 -0.806896	
 -4.953597	  0.971050	
 -5.741433	  0.515638	
  2.679815	  0.445540	
  3.510858	 -0.360930	
  4.641053	 -0.997457	
 -4.773320	  0.998144	
  4.272147	 -0.904649	
 -2.788823	 -0.345499	
  1.593526	  0.999742	
 -1.066235	 -0.875387	
  2.657789	  0.465149	
  3.456119	 -0.309366	
 -3.181667	  0.040063	
 -1.996828	 -0.910613	
  3.086376	  0.055189	
 -5.051958	  0.942898	
  4.904270	 -0.981647	
 -5.251560	  0.858135	
 -0.617293	 -0.578830	
  1.323556	  0.969592	
 -1.828783	 -0.966906	
  3.255890	 -0.114048	
  1.123947	  0.901813	
  4.810277	 -0.995213	
 -0.080768	 -0.080681	
  1.543787	  0.999635	
  3.574396	 -0.419418	
 -0.674153	 -0.624236	
 -5.195100	  0.885740	
  6.269832	 -0.013353	
 -4.488404	  0.975020	
  4.242871	 -0.891786	
  2.830542	  0.306059	
  1.026623	  0.855555	
 -3.633456	  0.472270	
 -0.941853	 -0.808649	
  3.236133	 -0.094399	
 -2.286396	 -0.754700	
 -1.314342	 -0.967295	
 -2.696039	 -0.430958	
 -3.228921	  0.087217	
  1.790955	  0.975863	
  5.741873	 -0.515261	
 -3.941624	  0.717378	
  0.863818	  0.760328	
 -2.112446	 -0.856860	
  0.271040	  0.267734	
  3.456075	 -0.309324	
  3.663021	 -0.498119	
  2.632266	  0.487590	
  5.611361	 -0.622415	
 -2.538158	 -0.567474	
  6.230672	 -0.052489	
  0.684204	  0.632057	
  1.961466	  0.924654	
  5.596418	 -0.634041	
 -3.460311	  0.313349	
  6.050935	 -0.230168	
 -4.139091	  0.840117	
  5.542526	 -0.674775	
  5.742329	 -0.514870	
